{
 "cells": [
  {
   "cell_type": "code",
   "execution_count": 2,
   "metadata": {},
   "outputs": [],
   "source": [
    "from utils import cp_detector as cpd\n",
    "from utils import data_generation as gen\n",
    "from utils import statistic_calculation as stat\n",
    "from utils import threshold_calculation as th\n",
    "\n",
    "import torch.nn as nn\n",
    "import torch\n",
    "\n",
    "import matplotlib.pyplot as plt\n",
    "import numpy as np\n",
    "%matplotlib inline\n",
    "\n",
    "%load_ext autoreload\n",
    "%autoreload 2"
   ]
  },
  {
   "cell_type": "code",
   "execution_count": 72,
   "metadata": {},
   "outputs": [],
   "source": [
    "dataset_parameters = {\n",
    "    \"dataset_size\": 500,\n",
    "    \"seq_len\": 100,\n",
    "    \"d\": 20,\n",
    "    \"p\": 10,\n",
    "    \"distribution\": \"normal\",\n",
    "    \"k\": 1,\n",
    "    \"cp\": 50,\n",
    "    \"nu\": 3,\n",
    "    \"seed\": 124\n",
    "}\n",
    "\n",
    "cp_parameters = {\n",
    "    \"alpha\": 0.05,\n",
    "    \"scan\": False,\n",
    "    \"data_based\": False,\n",
    "    \"ln\": False\n",
    "}"
   ]
  },
  {
   "cell_type": "code",
   "execution_count": 73,
   "metadata": {},
   "outputs": [],
   "source": [
    "data_with_cp, data_without_cp, t_cp_idxs = gen.generate_data(**dataset_parameters)"
   ]
  },
  {
   "cell_type": "code",
   "execution_count": 74,
   "metadata": {},
   "outputs": [],
   "source": [
    "layer_norm = nn.LayerNorm(dataset_parameters[\"d\"], elementwise_affine=True).float()\n",
    "# data_with_cp = torch.from_numpy(data_with_cp).float()\n",
    "# data_without_cp = torch.from_numpy(data_without_cp).float()\n",
    "\n",
    "\n",
    "# data_with_cp_ln = (\n",
    "#     layer_norm(data_with_cp)\n",
    "# )\n",
    "# data_without_cp_ln = (\n",
    "#     layer_norm(data_without_cp)\n",
    "# )\n",
    "\n",
    "data_with_cp_ln = (\n",
    "    layer_norm(torch.from_numpy(data_with_cp).float()).detach().numpy()\n",
    ")\n",
    "data_without_cp_ln = (\n",
    "    layer_norm(torch.from_numpy(data_without_cp).float()).detach().numpy()\n",
    ")"
   ]
  },
  {
   "cell_type": "code",
   "execution_count": 75,
   "metadata": {},
   "outputs": [],
   "source": [
    "from utils import knn_divergence as kl\n",
    "import warnings\n",
    "warnings.filterwarnings(\"ignore\")"
   ]
  },
  {
   "cell_type": "code",
   "execution_count": 76,
   "metadata": {},
   "outputs": [
    {
     "name": "stdout",
     "output_type": "stream",
     "text": [
      "Without LN, F||G\n",
      "naive 0.8182411343112915\n",
      "scipy 0.8182411343112914\n",
      "skl_est 0.8182411343112911\n",
      "skl_eff 0.8182411343112918\n",
      "torch -0.455888223827306\n"
     ]
    }
   ],
   "source": [
    "print('Without LN, F||G')\n",
    "print('naive', kl.naive_estimator(data_without_cp[0], data_with_cp[0], k=20))\n",
    "print('scipy', kl.scipy_estimator(data_without_cp[0], data_with_cp[0], k=20))\n",
    "print('skl_est', kl.skl_estimator(data_without_cp[0], data_with_cp[0], k=20))\n",
    "print('skl_eff', kl.skl_efficient(data_without_cp[0], data_with_cp[0], k=20))\n",
    "\n",
    "loss = nn.KLDivLoss(log_target=False, reduction='mean')\n",
    "print('torch', loss(torch.from_numpy(data_without_cp[0]), torch.from_numpy(data_with_cp[0])).detach().numpy())"
   ]
  },
  {
   "cell_type": "code",
   "execution_count": 77,
   "metadata": {},
   "outputs": [
    {
     "name": "stdout",
     "output_type": "stream",
     "text": [
      "With LN, F||G\n",
      "naive 0.02533467026476404\n",
      "scipy 0.025334551442741368\n",
      "skl_est 0.025334471241129856\n",
      "skl_eff 0.025334551442741226\n",
      "torch -0.4440932\n"
     ]
    }
   ],
   "source": [
    "print('With LN, F||G')\n",
    "print('naive', kl.naive_estimator(data_without_cp_ln[0], data_with_cp_ln[0], k=20))\n",
    "print('scipy', kl.scipy_estimator(data_without_cp_ln[0], data_with_cp_ln[0], k=20))\n",
    "print('skl_est', kl.skl_estimator(data_without_cp_ln[0], data_with_cp_ln[0], k=20))\n",
    "print('skl_eff', kl.skl_efficient(data_without_cp_ln[0], data_with_cp_ln[0], k=20))\n",
    "loss = nn.KLDivLoss(log_target=False, reduction='mean')\n",
    "print('torch', loss(torch.from_numpy(data_without_cp_ln[0]), torch.from_numpy(data_with_cp_ln[0])).detach().numpy())"
   ]
  },
  {
   "cell_type": "code",
   "execution_count": 78,
   "metadata": {},
   "outputs": [
    {
     "name": "stdout",
     "output_type": "stream",
     "text": [
      "Without LN, G||F\n",
      "naive 0.15662433668482983\n",
      "scipy 0.15662433668482958\n",
      "skl_est 0.15662433668483003\n",
      "skl_eff 0.15662433668482992\n",
      "torch -0.595205674063714\n"
     ]
    }
   ],
   "source": [
    "print('Without LN, G||F')\n",
    "print('naive', kl.naive_estimator(data_with_cp[0], data_without_cp[0], k=20))\n",
    "print('scipy', kl.scipy_estimator(data_with_cp[0], data_without_cp[0], k=20))\n",
    "print('skl_est', kl.skl_estimator(data_with_cp[0], data_without_cp[0], k=20))\n",
    "print('skl_eff', kl.skl_efficient(data_with_cp[0], data_without_cp[0], k=20))\n",
    "print('torch', loss(torch.from_numpy(data_with_cp[0]), torch.from_numpy(data_without_cp[0])).detach().numpy())"
   ]
  },
  {
   "cell_type": "code",
   "execution_count": 79,
   "metadata": {},
   "outputs": [
    {
     "name": "stdout",
     "output_type": "stream",
     "text": [
      "With LN, G||F\n",
      "naive 0.629517061309506\n",
      "scipy 0.629517129028949\n",
      "skl_est 0.6295170172084718\n",
      "skl_eff 0.6295171290289491\n",
      "torch -0.44641107\n"
     ]
    }
   ],
   "source": [
    "print('With LN, G||F')\n",
    "print('naive', kl.naive_estimator(data_with_cp_ln[0], data_without_cp_ln[0], k=20))\n",
    "print('scipy', kl.scipy_estimator(data_with_cp_ln[0], data_without_cp_ln[0], k=20))\n",
    "print('skl_est', kl.skl_estimator(data_with_cp_ln[0], data_without_cp_ln[0], k=20))\n",
    "print('skl_eff', kl.skl_efficient(data_with_cp_ln[0], data_without_cp_ln[0], k=20))\n",
    "print('torch', loss(torch.from_numpy(data_with_cp_ln[0]), torch.from_numpy(data_without_cp_ln[0])).detach().numpy())"
   ]
  },
  {
   "cell_type": "code",
   "execution_count": 80,
   "metadata": {},
   "outputs": [],
   "source": [
    "def kl_divergence(mu1, mu2, sigma_1, sigma_2):\n",
    "\tsigma_diag_1 = np.eye(sigma_1.shape[0]) * sigma_1\n",
    "\tsigma_diag_2 = np.eye(sigma_2.shape[0]) * sigma_2\n",
    "\n",
    "\tsigma_diag_2_inv = np.linalg.inv(sigma_diag_2)\n",
    "\n",
    "\tkl = 0.5 * (np.log(np.linalg.det(sigma_diag_2) / np.linalg.det(sigma_diag_2))\n",
    "\t\t\t\t- mu1.shape[0] + np.trace(np.matmul(sigma_diag_2_inv, sigma_diag_1))\n",
    "\t\t\t\t+ np.matmul(np.matmul(np.transpose(mu2 - mu1), sigma_diag_2_inv), (mu2 - mu1))\n",
    "\t\t\t\t)\n",
    "\n",
    "\treturn kl"
   ]
  },
  {
   "cell_type": "code",
   "execution_count": 81,
   "metadata": {},
   "outputs": [],
   "source": [
    "d = dataset_parameters[\"d\"]\n",
    "p = dataset_parameters[\"p\"]\n",
    "k = dataset_parameters[\"k\"]\n",
    "mu_1 = np.zeros(d)\n",
    "sigma_1 = np.identity(d)\n",
    "\n",
    "mu_2 = np.zeros(d)\n",
    "mu_2[-p:] = (d - 1) * k/d \n",
    "\n",
    "sigma_2 = ((d - 1) / d)**2 *np.identity(d)\n"
   ]
  },
  {
   "cell_type": "code",
   "execution_count": 82,
   "metadata": {},
   "outputs": [
    {
     "data": {
      "text/plain": [
       "4.999999999999999"
      ]
     },
     "execution_count": 82,
     "metadata": {},
     "output_type": "execute_result"
    }
   ],
   "source": [
    "kl_divergence(mu_1, mu_2, sigma_2, sigma_2)"
   ]
  },
  {
   "cell_type": "code",
   "execution_count": 83,
   "metadata": {},
   "outputs": [],
   "source": [
    "d = dataset_parameters[\"d\"]\n",
    "p = dataset_parameters[\"p\"]\n",
    "k = dataset_parameters[\"k\"]\n",
    "mu_1 = np.zeros(d)\n",
    "sigma_1 = np.identity(d)\n",
    "\n",
    "mu_2 = np.zeros(d)\n",
    "mu_2[-p:] = k"
   ]
  },
  {
   "cell_type": "code",
   "execution_count": 84,
   "metadata": {},
   "outputs": [
    {
     "data": {
      "text/plain": [
       "5.0"
      ]
     },
     "execution_count": 84,
     "metadata": {},
     "output_type": "execute_result"
    }
   ],
   "source": [
    "kl_divergence(mu_1, mu_2, sigma_1, sigma_1)"
   ]
  },
  {
   "cell_type": "code",
   "execution_count": null,
   "metadata": {},
   "outputs": [],
   "source": []
  },
  {
   "cell_type": "code",
   "execution_count": 133,
   "metadata": {},
   "outputs": [],
   "source": []
  },
  {
   "cell_type": "code",
   "execution_count": 207,
   "metadata": {},
   "outputs": [],
   "source": [
    "x = data_without_cp_ln[0]"
   ]
  },
  {
   "cell_type": "code",
   "execution_count": 212,
   "metadata": {},
   "outputs": [],
   "source": [
    "def estimate_mu_sigma(y):\n",
    "    mu_hat = np.expand_dims(y.sum(0) / y.shape[0], -1)\n",
    "\n",
    "    res = 0\n",
    "    for i in range(y.shape[0]):\n",
    "        res += (y[i] - mu_hat) * (y[i] - mu_hat).T\n",
    "    sigma_hat = res / (y.shape[0] - 1)\n",
    "    return mu_hat.flatten(), sigma_hat"
   ]
  },
  {
   "cell_type": "code",
   "execution_count": 213,
   "metadata": {},
   "outputs": [],
   "source": [
    "mu_hat, sigma_hat = estimate_mu_sigma(data_without_cp[0])"
   ]
  },
  {
   "cell_type": "code",
   "execution_count": 214,
   "metadata": {},
   "outputs": [],
   "source": [
    "mu_hat_ln, sigma_hat_ln = estimate_mu_sigma(data_without_cp_ln[0])"
   ]
  },
  {
   "cell_type": "code",
   "execution_count": 226,
   "metadata": {},
   "outputs": [
    {
     "data": {
      "text/plain": [
       "array([ 0.72739767, -1.27326259,  1.12118739,  1.62518141,  0.64048046,\n",
       "        0.77030363,  0.68437955,  2.99446352,  1.17957072,  1.08522984,\n",
       "        0.84331885,  0.79540898, -0.21919541,  1.26714849,  1.20762244,\n",
       "        0.82463847,  0.38027637, -2.41119062,  0.74827744,  0.018901  ])"
      ]
     },
     "execution_count": 226,
     "metadata": {},
     "output_type": "execute_result"
    }
   ],
   "source": [
    "mu_hat_ln / mu_hat"
   ]
  },
  {
   "cell_type": "code",
   "execution_count": 229,
   "metadata": {},
   "outputs": [
    {
     "data": {
      "text/plain": [
       "array([ 0.07243666, -0.02243358, -0.13873385,  0.01218617,  0.04842686,\n",
       "        0.1002454 ,  0.03954205, -0.05337384, -0.16758531, -0.11751797,\n",
       "        0.14834498,  0.11140257, -0.00927321, -0.08916657, -0.16272879,\n",
       "        0.12056039,  0.02605991, -0.00798142,  0.08884298,  0.00074645],\n",
       "      dtype=float32)"
      ]
     },
     "execution_count": 229,
     "metadata": {},
     "output_type": "execute_result"
    }
   ],
   "source": [
    "mu_hat_ln"
   ]
  },
  {
   "cell_type": "code",
   "execution_count": 224,
   "metadata": {},
   "outputs": [
    {
     "data": {
      "text/plain": [
       "array([[ 1.13261191e+00, -1.63356314e+00,  1.04270261e+01,\n",
       "         1.03481785e+00,  1.67292800e+00,  4.77766277e-01,\n",
       "         5.34046229e-01,  1.98110635e+00, -1.03062774e+00,\n",
       "         6.32195775e-01,  1.37866141e-01, -1.71221549e+00,\n",
       "        -1.89496140e+00, -1.09433900e+00,  6.69315681e-01,\n",
       "        -7.32517501e-01,  2.09136447e-01, -1.54410680e+00,\n",
       "         8.70227706e-01,  1.77610431e+00],\n",
       "       [-1.63356314e+00,  1.00646932e+00,  5.37340858e-01,\n",
       "        -7.85845631e-01, -2.67974093e-01,  7.56369168e-01,\n",
       "         1.45493158e+00, -1.00101296e+00,  1.25978611e+00,\n",
       "         5.90541715e-01,  4.14794502e+00,  6.57568554e-01,\n",
       "         6.38187675e-01, -3.87268966e-01,  2.88979629e+00,\n",
       "        -1.37669364e+00, -1.17832671e-01,  8.83664556e-01,\n",
       "         8.96679828e-01, -6.34722241e+01],\n",
       "       [ 1.04270261e+01,  5.37340858e-01,  1.03958934e+00,\n",
       "         6.98641346e-01,  6.46993630e-01, -6.23259746e+00,\n",
       "        -6.92964795e-03,  1.70618684e+00,  2.89065533e+00,\n",
       "        -2.91550134e-01, -1.45182526e-01,  4.36216228e-01,\n",
       "         1.39646098e+00,  1.15804295e+01, -1.90038572e-01,\n",
       "         3.71972130e-01,  4.34052661e-01,  1.07419072e-01,\n",
       "         2.97542499e+00,  6.96404863e-01],\n",
       "       [ 1.03481785e+00, -7.85845631e-01,  6.98641346e-01,\n",
       "         9.66986768e-01,  1.03827976e+00,  1.77524637e+00,\n",
       "         1.08362704e+00,  1.37907323e+00,  1.13355665e+00,\n",
       "         1.16327724e+00,  1.44599958e+00, -2.02799929e+00,\n",
       "         9.67704495e-01,  1.94597137e+00,  4.54727210e-01,\n",
       "         1.79865447e+00,  9.10935237e-01,  1.03998408e+00,\n",
       "         1.24427056e+00,  7.21867138e-01],\n",
       "       [ 1.67292800e+00, -2.67974093e-01,  6.46993630e-01,\n",
       "         1.03827976e+00,  9.68597432e-01,  3.86532808e-01,\n",
       "         1.24833687e+00,  1.04810096e+00,  8.62759756e-01,\n",
       "         9.18558851e-01, -1.31891264e-01,  5.84367525e+00,\n",
       "        -5.00610164e+00, -8.12354025e+01,  1.66262950e-02,\n",
       "        -5.17711895e-01,  6.93979497e-01,  1.23485116e+00,\n",
       "         8.60209109e-01,  1.13378842e+01],\n",
       "       [ 4.77766277e-01,  7.56369168e-01, -6.23259746e+00,\n",
       "         1.77524637e+00,  3.86532808e-01,  9.04085480e-01,\n",
       "         5.49124254e-01,  5.69694960e-01,  1.23509801e+00,\n",
       "         1.11930258e+00, -2.27491598e-01, -4.52242355e-01,\n",
       "         1.83469718e+00, -2.51449778e-01,  2.10071842e-01,\n",
       "         1.29160730e+00,  1.96788803e+00,  8.57053585e-01,\n",
       "         6.36042830e-01,  6.65725820e-01],\n",
       "       [ 5.34046229e-01,  1.45493158e+00, -6.92964795e-03,\n",
       "         1.08362704e+00,  1.24833687e+00,  5.49124254e-01,\n",
       "         1.02596242e+00, -1.54440806e+01,  8.61682233e-01,\n",
       "        -4.80087311e-01, -2.62639249e+01,  7.53485740e-01,\n",
       "        -2.32040519e+00,  1.79520501e-01,  2.66219099e-01,\n",
       "         6.63771722e+00,  2.72962164e-01,  8.03919125e-01,\n",
       "         8.51409102e-01,  1.41070006e+00],\n",
       "       [ 1.98110635e+00, -1.00101296e+00,  1.70618684e+00,\n",
       "         1.37907323e+00,  1.04810096e+00,  5.69694960e-01,\n",
       "        -1.54440806e+01,  9.87678857e-01,  6.66225168e-01,\n",
       "         4.43250760e-01,  4.15303142e-01, -8.64028467e-01,\n",
       "         2.00531463e+00,  1.78387853e-01,  6.00286522e-01,\n",
       "         2.17258125e-01,  9.68585844e-01,  3.94851825e-01,\n",
       "         7.72959152e-01, -2.78858723e+00],\n",
       "       [-1.03062774e+00,  1.25978611e+00,  2.89065533e+00,\n",
       "         1.13355665e+00,  8.62759756e-01,  1.23509801e+00,\n",
       "         8.61682233e-01,  6.66225168e-01,  9.60941050e-01,\n",
       "         3.26205464e-01,  7.50869135e-01,  4.57170251e-01,\n",
       "         1.05194657e+00, -5.72750489e-02,  1.82535517e+00,\n",
       "         8.04695951e-01,  1.06406196e+00,  9.21974685e-01,\n",
       "         1.42605872e+00,  2.72123019e-01],\n",
       "       [ 6.32195775e-01,  5.90541715e-01, -2.91550134e-01,\n",
       "         1.16327724e+00,  9.18558851e-01,  1.11930258e+00,\n",
       "        -4.80087311e-01,  4.43250760e-01,  3.26205464e-01,\n",
       "         1.02581313e+00,  7.20454002e-01,  8.07840659e-01,\n",
       "         8.14551218e-01,  2.16587448e-01,  1.64527758e+00,\n",
       "         1.47300155e+00,  1.26517113e+00,  6.19079798e-01,\n",
       "         1.14457830e+00,  7.72062954e-01],\n",
       "       [ 1.37866141e-01,  4.14794502e+00, -1.45182526e-01,\n",
       "         1.44599958e+00, -1.31891264e-01, -2.27491598e-01,\n",
       "        -2.62639249e+01,  4.15303142e-01,  7.50869135e-01,\n",
       "         7.20454002e-01,  1.02213128e+00, -1.05234002e+00,\n",
       "         4.00544230e-01, -2.81083044e-01,  2.03258409e-01,\n",
       "         3.46852516e-01, -7.55987469e-01,  1.04786801e+00,\n",
       "         1.21135050e+00,  2.74594356e-01],\n",
       "       [-1.71221549e+00,  6.57568554e-01,  4.36216228e-01,\n",
       "        -2.02799929e+00,  5.84367525e+00, -4.52242355e-01,\n",
       "         7.53485740e-01, -8.64028467e-01,  4.57170251e-01,\n",
       "         8.07840659e-01, -1.05234002e+00,  1.09726737e+00,\n",
       "        -2.26062883e+00,  6.74993892e-01,  1.29011653e+00,\n",
       "         4.40732722e+00,  6.37896968e-01,  1.39428196e+00,\n",
       "         6.51171110e-01,  1.97178865e-02],\n",
       "       [-1.89496140e+00,  6.38187675e-01,  1.39646098e+00,\n",
       "         9.67704495e-01, -5.00610164e+00,  1.83469718e+00,\n",
       "        -2.32040519e+00,  2.00531463e+00,  1.05194657e+00,\n",
       "         8.14551218e-01,  4.00544230e-01, -2.26062883e+00,\n",
       "         9.35405077e-01,  4.38803319e+00,  8.70731124e+01,\n",
       "         5.33865052e-01,  5.14285873e-01,  2.21319546e+00,\n",
       "         3.15041867e-01, -5.43683191e-02],\n",
       "       [-1.09433900e+00, -3.87268966e-01,  1.15804295e+01,\n",
       "         1.94597137e+00, -8.12354025e+01, -2.51449778e-01,\n",
       "         1.79520501e-01,  1.78387853e-01, -5.72750489e-02,\n",
       "         2.16587448e-01, -2.81083044e-01,  6.74993892e-01,\n",
       "         4.38803319e+00,  1.03093357e+00, -3.43598469e-01,\n",
       "         2.90907849e-01,  5.57757663e-01,  6.81154945e-01,\n",
       "         9.52975089e-01,  1.82188778e+00],\n",
       "       [ 6.69315681e-01,  2.88979629e+00, -1.90038572e-01,\n",
       "         4.54727210e-01,  1.66262950e-02,  2.10071842e-01,\n",
       "         2.66219099e-01,  6.00286522e-01,  1.82535517e+00,\n",
       "         1.64527758e+00,  2.03258409e-01,  1.29011653e+00,\n",
       "         8.70731124e+01, -3.43598469e-01,  1.04317833e+00,\n",
       "         1.31049261e-01, -1.70171687e+00,  5.59470000e-01,\n",
       "         4.93034938e-01,  7.79927829e-01],\n",
       "       [-7.32517501e-01, -1.37669364e+00,  3.71972130e-01,\n",
       "         1.79865447e+00, -5.17711895e-01,  1.29160730e+00,\n",
       "         6.63771722e+00,  2.17258125e-01,  8.04695951e-01,\n",
       "         1.47300155e+00,  3.46852516e-01,  4.40732722e+00,\n",
       "         5.33865052e-01,  2.90907849e-01,  1.31049261e-01,\n",
       "         1.07081659e+00,  2.60819742e+00,  1.59824603e+00,\n",
       "         8.25023665e-01,  2.71899000e+01],\n",
       "       [ 2.09136447e-01, -1.17832671e-01,  4.34052661e-01,\n",
       "         9.10935237e-01,  6.93979497e-01,  1.96788803e+00,\n",
       "         2.72962164e-01,  9.68585844e-01,  1.06406196e+00,\n",
       "         1.26517113e+00, -7.55987469e-01,  6.37896968e-01,\n",
       "         5.14285873e-01,  5.57757663e-01, -1.70171687e+00,\n",
       "         2.60819742e+00,  9.62375062e-01,  3.64913990e-01,\n",
       "         8.74962660e-01,  8.33480601e-01],\n",
       "       [-1.54410680e+00,  8.83664556e-01,  1.07419072e-01,\n",
       "         1.03998408e+00,  1.23485116e+00,  8.57053585e-01,\n",
       "         8.03919125e-01,  3.94851825e-01,  9.21974685e-01,\n",
       "         6.19079798e-01,  1.04786801e+00,  1.39428196e+00,\n",
       "         2.21319546e+00,  6.81154945e-01,  5.59470000e-01,\n",
       "         1.59824603e+00,  3.64913990e-01,  1.02534597e+00,\n",
       "         9.12022353e-01,  6.23389340e-01],\n",
       "       [ 8.70227706e-01,  8.96679828e-01,  2.97542499e+00,\n",
       "         1.24427056e+00,  8.60209109e-01,  6.36042830e-01,\n",
       "         8.51409102e-01,  7.72959152e-01,  1.42605872e+00,\n",
       "         1.14457830e+00,  1.21135050e+00,  6.51171110e-01,\n",
       "         3.15041867e-01,  9.52975089e-01,  4.93034938e-01,\n",
       "         8.25023665e-01,  8.74962660e-01,  9.12022353e-01,\n",
       "         9.50834850e-01,  4.07943956e-01],\n",
       "       [ 1.77610431e+00, -6.34722241e+01,  6.96404863e-01,\n",
       "         7.21867138e-01,  1.13378842e+01,  6.65725820e-01,\n",
       "         1.41070006e+00, -2.78858723e+00,  2.72123019e-01,\n",
       "         7.72062954e-01,  2.74594356e-01,  1.97178865e-02,\n",
       "        -5.43683191e-02,  1.82188778e+00,  7.79927829e-01,\n",
       "         2.71899000e+01,  8.33480601e-01,  6.23389340e-01,\n",
       "         4.07943956e-01,  9.61414548e-01]])"
      ]
     },
     "execution_count": 224,
     "metadata": {},
     "output_type": "execute_result"
    }
   ],
   "source": [
    "sigma_hat / sigma_hat_ln"
   ]
  },
  {
   "cell_type": "code",
   "execution_count": 223,
   "metadata": {},
   "outputs": [
    {
     "data": {
      "text/plain": [
       "array([[ 8.42635930e-01, -3.83819714e-02,  1.13512194e-02,\n",
       "        -6.47054091e-02,  1.18674137e-01, -1.57843053e-01,\n",
       "        -1.73598766e-01,  7.09673092e-02, -3.01359780e-02,\n",
       "        -1.92153126e-01, -9.35264751e-02, -4.61357087e-02,\n",
       "        -3.39687578e-02, -4.45456542e-02, -2.51616210e-01,\n",
       "        -6.63037226e-02, -8.05425569e-02, -2.38332264e-02,\n",
       "        -1.55295640e-01,  1.25225767e-01],\n",
       "       [-3.83819714e-02,  1.06100392e+00, -1.93526611e-01,\n",
       "         1.88240483e-02, -7.68796727e-02, -1.36816725e-01,\n",
       "         1.38232157e-01, -4.49110754e-02,  1.46539405e-01,\n",
       "        -1.31394029e-01,  2.18326822e-02, -2.78757840e-01,\n",
       "        -1.65485173e-01, -5.86201027e-02,  3.30767743e-02,\n",
       "        -5.67461997e-02, -4.96105924e-02, -2.02212900e-01,\n",
       "        -1.73181295e-01, -8.82317312e-04],\n",
       "       [ 1.13512194e-02, -1.93526611e-01,  1.01275742e+00,\n",
       "        -9.25110132e-02, -2.60953635e-01, -6.23858208e-03,\n",
       "        -1.25079498e-01,  5.28685041e-02,  3.23847122e-02,\n",
       "        -9.78772268e-02, -9.23993438e-02, -1.62545457e-01,\n",
       "         9.78920385e-02,  4.94908262e-03, -1.43196836e-01,\n",
       "        -1.48897246e-01, -1.58571392e-01, -9.13996324e-02,\n",
       "         2.67693307e-02, -2.32336432e-01],\n",
       "       [-6.47054091e-02,  1.88240483e-02, -9.25110132e-02,\n",
       "         1.24763048e+00, -2.39229202e-01, -5.59997372e-02,\n",
       "        -7.18871504e-02, -8.12940225e-02, -4.70472760e-02,\n",
       "         7.68096372e-02, -5.80617301e-02, -2.64590718e-02,\n",
       "        -2.35010326e-01,  6.97873607e-02, -1.41645446e-01,\n",
       "         1.93904117e-02, -1.21716917e-01, -9.04173702e-02,\n",
       "        -2.20678195e-01, -6.65095970e-02],\n",
       "       [ 1.18674137e-01, -7.68796727e-02, -2.60953635e-01,\n",
       "        -2.39229202e-01,  9.16184425e-01, -1.12969756e-01,\n",
       "         1.05992392e-01, -1.48133039e-01, -1.44865409e-01,\n",
       "        -1.61889896e-01, -5.22062555e-02,  1.33788465e-02,\n",
       "        -7.44124316e-03, -8.32657679e-04, -1.13285877e-01,\n",
       "        -4.50277813e-02, -4.88799252e-02,  6.58632740e-02,\n",
       "        -4.02219109e-02,  7.61573017e-03],\n",
       "       [-1.57843053e-01, -1.36816725e-01, -6.23858208e-03,\n",
       "        -5.59997372e-02, -1.12969756e-01,  1.05162561e+00,\n",
       "        -1.68568775e-01, -1.27733871e-01, -1.02831282e-01,\n",
       "        -1.34516433e-01, -4.80542891e-02, -4.86975349e-02,\n",
       "         6.64918944e-02, -3.73067446e-02, -1.34186462e-01,\n",
       "        -5.70831522e-02,  1.50810657e-02, -1.15375355e-01,\n",
       "         4.88567352e-02, -1.18577063e-01],\n",
       "       [-1.73598766e-01,  1.38232157e-01, -1.25079498e-01,\n",
       "        -7.18871504e-02,  1.05992392e-01, -1.68568775e-01,\n",
       "         1.06262040e+00, -6.12123683e-03, -1.98616311e-01,\n",
       "        -5.39839379e-02, -3.80882109e-03, -2.20802262e-01,\n",
       "        -2.19958257e-02, -1.22613087e-01, -2.11821705e-01,\n",
       "         1.31201139e-02, -8.51610228e-02, -4.58985493e-02,\n",
       "        -7.76858181e-02,  5.83599173e-02],\n",
       "       [ 7.09673092e-02, -4.49110754e-02,  5.28685041e-02,\n",
       "        -8.12940225e-02, -1.48133039e-01, -1.27733871e-01,\n",
       "        -6.12123683e-03,  1.04021323e+00, -1.08745717e-01,\n",
       "        -1.31582454e-01, -8.43771249e-02, -4.77650687e-02,\n",
       "         8.27685073e-02, -3.93701456e-02, -2.43807778e-01,\n",
       "        -1.69154912e-01,  9.46987644e-02, -7.00663328e-02,\n",
       "        -2.49815732e-01, -2.39192285e-02],\n",
       "       [-3.01359780e-02,  1.46539405e-01,  3.23847122e-02,\n",
       "        -4.70472760e-02, -1.44865409e-01, -1.02831282e-01,\n",
       "        -1.98616311e-01, -1.08745717e-01,  1.11945391e+00,\n",
       "        -5.00912480e-02, -2.63602912e-01, -1.10307164e-01,\n",
       "        -1.40533462e-01, -7.06995800e-02,  7.53209442e-02,\n",
       "        -2.98114091e-01, -1.74002618e-01, -2.32148334e-01,\n",
       "        -5.49938157e-02, -9.20650139e-02],\n",
       "       [-1.92153126e-01, -1.31394029e-01, -9.78772268e-02,\n",
       "         7.68096372e-02, -1.61889896e-01, -1.34516433e-01,\n",
       "        -5.39839379e-02, -1.31582454e-01, -5.00912480e-02,\n",
       "         9.67593849e-01, -1.45393550e-01, -1.19250730e-01,\n",
       "        -3.04000407e-01, -1.15756556e-01,  1.48877114e-01,\n",
       "         1.37182578e-01,  3.62342671e-02, -1.80728473e-02,\n",
       "        -6.44994229e-02, -1.02965809e-01],\n",
       "       [-9.35264751e-02,  2.18326822e-02, -9.23993438e-02,\n",
       "        -5.80617301e-02, -5.22062555e-02, -4.80542891e-02,\n",
       "        -3.80882109e-03, -8.43771249e-02, -2.63602912e-01,\n",
       "        -1.45393550e-01,  9.28763807e-01, -3.52849476e-02,\n",
       "        -1.62540019e-01, -5.59712835e-02, -1.27305731e-01,\n",
       "        -1.35785729e-01, -2.98616290e-02, -1.77710176e-01,\n",
       "         5.23868911e-02, -5.93944713e-02],\n",
       "       [-4.61357087e-02, -2.78757840e-01, -1.62545457e-01,\n",
       "        -2.64590718e-02,  1.33788465e-02, -4.86975349e-02,\n",
       "        -2.20802262e-01, -4.77650687e-02, -1.10307164e-01,\n",
       "        -1.19250730e-01, -3.52849476e-02,  9.68314052e-01,\n",
       "        -1.09391334e-02, -2.58092910e-01,  1.75660968e-01,\n",
       "         2.95905303e-02, -1.64105996e-01,  6.59672469e-02,\n",
       "        -4.65808138e-02, -1.05635114e-01],\n",
       "       [-3.39687578e-02, -1.65485173e-01,  9.78920385e-02,\n",
       "        -2.35010326e-01, -7.44124316e-03,  6.64918944e-02,\n",
       "        -2.19958257e-02,  8.27685073e-02, -1.40533462e-01,\n",
       "        -3.04000407e-01, -1.62540019e-01, -1.09391334e-02,\n",
       "         1.08682632e+00,  8.37669242e-03,  1.31098938e-03,\n",
       "        -1.71682149e-01, -1.21407107e-01,  2.97000483e-02,\n",
       "        -8.79082531e-02, -8.99224132e-02],\n",
       "       [-4.45456542e-02, -5.86201027e-02,  4.94908262e-03,\n",
       "         6.97873607e-02, -8.32657679e-04, -3.73067446e-02,\n",
       "        -1.22613087e-01, -3.93701456e-02, -7.06995800e-02,\n",
       "        -1.15756556e-01, -5.59712835e-02, -2.58092910e-01,\n",
       "         8.37669242e-03,  9.79050279e-01, -1.31638646e-01,\n",
       "        -1.42210960e-01, -1.23328269e-01, -1.55817583e-01,\n",
       "        -1.52499869e-01,  1.08790435e-01],\n",
       "       [-2.51616210e-01,  3.30767743e-02, -1.43196836e-01,\n",
       "        -1.41645446e-01, -1.13285877e-01, -1.34186462e-01,\n",
       "        -2.11821705e-01, -2.43807778e-01,  7.53209442e-02,\n",
       "         1.48877114e-01, -1.27305731e-01,  1.75660968e-01,\n",
       "         1.31098938e-03, -1.31638646e-01,  1.04027498e+00,\n",
       "        -1.97058842e-01, -3.36117297e-02, -1.85808510e-01,\n",
       "        -1.12896003e-01, -1.59335420e-01],\n",
       "       [-6.63037226e-02, -5.67461997e-02, -1.48897246e-01,\n",
       "         1.93904117e-02, -4.50277813e-02, -5.70831522e-02,\n",
       "         1.31201139e-02, -1.69154912e-01, -2.98114091e-01,\n",
       "         1.37182578e-01, -1.35785729e-01,  2.95905303e-02,\n",
       "        -1.71682149e-01, -1.42210960e-01, -1.97058842e-01,\n",
       "         8.48691821e-01,  5.53550944e-02,  2.42626239e-02,\n",
       "        -1.14283271e-01,  3.39213083e-03],\n",
       "       [-8.05425569e-02, -4.96105924e-02, -1.58571392e-01,\n",
       "        -1.21716917e-01, -4.88799252e-02,  1.50810657e-02,\n",
       "        -8.51610228e-02,  9.46987644e-02, -1.74002618e-01,\n",
       "         3.62342671e-02, -2.98616290e-02, -1.64105996e-01,\n",
       "        -1.21407107e-01, -1.23328269e-01, -3.36117297e-02,\n",
       "         5.53550944e-02,  9.41610157e-01, -3.88740934e-02,\n",
       "         7.77485147e-02, -1.82503849e-01],\n",
       "       [-2.38332264e-02, -2.02212900e-01, -9.13996324e-02,\n",
       "        -9.04173702e-02,  6.58632740e-02, -1.15375355e-01,\n",
       "        -4.58985493e-02, -7.00663328e-02, -2.32148334e-01,\n",
       "        -1.80728473e-02, -1.77710176e-01,  6.59672469e-02,\n",
       "         2.97000483e-02, -1.55817583e-01, -1.85808510e-01,\n",
       "         2.42626239e-02, -3.88740934e-02,  1.10160470e+00,\n",
       "         1.12938583e-01, -1.31718948e-01],\n",
       "       [-1.55295640e-01, -1.73181295e-01,  2.67693307e-02,\n",
       "        -2.20678195e-01, -4.02219109e-02,  4.88567352e-02,\n",
       "        -7.76858181e-02, -2.49815732e-01, -5.49938157e-02,\n",
       "        -6.44994229e-02,  5.23868911e-02, -4.65808138e-02,\n",
       "        -8.79082531e-02, -1.52499869e-01, -1.12896003e-01,\n",
       "        -1.14283271e-01,  7.77485147e-02,  1.12938583e-01,\n",
       "         9.08608556e-01, -1.39551545e-02],\n",
       "       [ 1.25225767e-01, -8.82317312e-04, -2.32336432e-01,\n",
       "        -6.65095970e-02,  7.61573017e-03, -1.18577063e-01,\n",
       "         5.83599173e-02, -2.39192285e-02, -9.20650139e-02,\n",
       "        -1.02965809e-01, -5.93944713e-02, -1.05635114e-01,\n",
       "        -8.99224132e-02,  1.08790435e-01, -1.59335420e-01,\n",
       "         3.39213083e-03, -1.82503849e-01, -1.31718948e-01,\n",
       "        -1.39551545e-02,  8.98595273e-01]], dtype=float32)"
      ]
     },
     "execution_count": 223,
     "metadata": {},
     "output_type": "execute_result"
    }
   ],
   "source": []
  },
  {
   "cell_type": "code",
   "execution_count": 132,
   "metadata": {},
   "outputs": [
    {
     "data": {
      "text/plain": [
       "array([[20.455444  , -7.294408  , -2.6192117 , ...,  1.9529359 ,\n",
       "        -0.81376934, -5.023314  ],\n",
       "       [-7.294408  , 20.135721  ,  2.1402133 , ...,  3.4562528 ,\n",
       "        -3.8462355 , -3.675526  ],\n",
       "       [-2.6192117 ,  2.1402133 , 18.837494  , ...,  3.5155034 ,\n",
       "        -0.44618866,  3.4433289 ],\n",
       "       ...,\n",
       "       [ 1.952936  ,  3.4562526 ,  3.5155034 , ..., 21.797873  ,\n",
       "         1.7560735 ,  0.7569927 ],\n",
       "       [-0.8137692 , -3.8462358 , -0.4461894 , ...,  1.7560735 ,\n",
       "        19.839293  , -9.477086  ],\n",
       "       [-5.023314  , -3.6755254 ,  3.4433289 , ...,  0.7569927 ,\n",
       "        -9.477086  , 19.556696  ]], dtype=float32)"
      ]
     },
     "execution_count": 132,
     "metadata": {},
     "output_type": "execute_result"
    }
   ],
   "source": [
    "sigma_hat"
   ]
  },
  {
   "cell_type": "code",
   "execution_count": 130,
   "metadata": {},
   "outputs": [
    {
     "data": {
      "text/plain": [
       "array([[ 21.43624129,  -6.83565625,  -2.93054608, ...,   1.08152691,\n",
       "         -1.33574581,  -4.06779949],\n",
       "       [ -6.83565625,  21.35449406,   0.43611139, ...,   1.61473433,\n",
       "         -4.8598766 ,  -1.86610931],\n",
       "       [ -2.93054608,   0.43611139,  15.99187609, ...,   3.7161146 ,\n",
       "          1.15126852,   0.92252522],\n",
       "       ...,\n",
       "       [  1.08152691,   1.61473433,   3.7161146 , ...,  15.30848921,\n",
       "          2.47494974,  -0.99240693],\n",
       "       [ -1.33574581,  -4.8598766 ,   1.15126852, ...,   2.47494974,\n",
       "         17.88805555, -10.21793166],\n",
       "       [ -4.06779949,  -1.86610931,   0.92252522, ...,  -0.99240693,\n",
       "        -10.21793166,  20.80260322]])"
      ]
     },
     "execution_count": 130,
     "metadata": {},
     "output_type": "execute_result"
    }
   ],
   "source": [
    "sigma_hat_2"
   ]
  },
  {
   "cell_type": "code",
   "execution_count": 125,
   "metadata": {},
   "outputs": [
    {
     "data": {
      "text/plain": [
       "0.9025"
      ]
     },
     "execution_count": 125,
     "metadata": {},
     "output_type": "execute_result"
    }
   ],
   "source": []
  },
  {
   "cell_type": "code",
   "execution_count": 126,
   "metadata": {},
   "outputs": [
    {
     "data": {
      "text/plain": [
       "-6.9296871392499995"
      ]
     },
     "execution_count": 126,
     "metadata": {},
     "output_type": "execute_result"
    }
   ],
   "source": [
    "-7.6783237 * 0.9025"
   ]
  },
  {
   "cell_type": "code",
   "execution_count": null,
   "metadata": {},
   "outputs": [],
   "source": []
  }
 ],
 "metadata": {
  "kernelspec": {
   "display_name": "env",
   "language": "python",
   "name": "python3"
  },
  "language_info": {
   "codemirror_mode": {
    "name": "ipython",
    "version": 3
   },
   "file_extension": ".py",
   "mimetype": "text/x-python",
   "name": "python",
   "nbconvert_exporter": "python",
   "pygments_lexer": "ipython3",
   "version": "3.7.13"
  }
 },
 "nbformat": 4,
 "nbformat_minor": 2
}
